0 0.2359375 0.2078125 0.0453125 0.0703125
0 0.54765625 0.58359375 0.0953125 0.1359375
0 0.57578125 0.30625 0.0546875 0.0984375
0 0.29765625 0.22890625 0.034375 0.0671875
1 0.39453125 0.18828125 0.05625 0.0828125
1 0.4453125 0.16875 0.0578125 0.0984375
1 0.496875 0.1328125 0.0453125 0.0734375
0 0.32421875 0.15546875 0.034375 0.04375
0 0.340625 0.19609375 0.0421875 0.075
1 0.85859375 0.5078125 0.128125 0.221875
1 0.6515625 0.2390625 0.05625 0.075
1 0.64921875 0.19296875 0.0578125 0.0734375
0 0.55234375 0.2015625 0.0625 0.1046875
1 0.77109375 0.16484375 0.053125 0.075
1 0.0875 0.34375 0.1078125 0.1125
1 0.47421875 0.0703125 0.0296875 0.0375
1 0.40625 0.1078125 0.0375 0.0671875
1 0.440625 0.10546875 0.034375 0.0390625