0 0.72109375 0.17421875 0.0375 0.0671875
0 0.46484375 0.58984375 0.0828125 0.128125
0 0.3984375 0.31875 0.0453125 0.09375
0 0.6625 0.203125 0.028125 0.065625
1 0.5609375 0.17734375 0.0484375 0.0796875
1 0.50859375 0.16484375 0.0484375 0.09375
1 0.45234375 0.1359375 0.0390625 0.06875
0 0.6265625 0.134375 0.0296875 0.040625
0 0.615625 0.1765625 0.0359375 0.071875
1 0.14609375 0.5578125 0.10625 0.2125
1 0.3140625 0.2625 0.0484375 0.071875
1 0.31015625 0.21640625 0.05 0.06875
0 0.40703125 0.21171875 0.0515625 0.1015625
1 0.184375 0.20625 0.0453125 0.0703125
1 0.88671875 0.2875 0.096875 0.1046875
1 0.465625 0.07109375 0.025 0.0359375
1 0.53828125 0.0984375 0.03125 0.0640625
1 0.50390625 0.10078125 0.0296875 0.0359375