0 0.2734375 0.178125 0.03671875 0.06640625
0 0.53671875 0.5890625 0.08046875 0.12734375
0 0.5984375 0.3171875 0.04375 0.09375
0 0.33203125 0.20625 0.0265625 0.06484375
1 0.43359375 0.178125 0.04765625 0.078125
1 0.4859375 0.16484375 0.046875 0.09296875
1 0.54140625 0.13515625 0.0375 0.06875
0 0.3671875 0.13671875 0.02890625 0.040625
0 0.37890625 0.17890625 0.034375 0.07109375
1 0.8546875 0.5515625 0.103125 0.2109375
1 0.68203125 0.259375 0.04765625 0.0703125
1 0.68515625 0.21328125 0.04921875 0.0671875
0 0.58828125 0.21015625 0.05 0.1
1 0.81015625 0.20078125 0.04453125 0.06953125
1 0.109375 0.29453125 0.0953125 0.10234375
1 0.5265625 0.0703125 0.025 0.03515625
1 0.4546875 0.09921875 0.0296875 0.06328125
1 0.4890625 0.10078125 0.0296875 0.03515625