0 0.6546875 0.48984375 0.153125 0.1546875
1 0.98359375 0.46171875 0.0328125 0.0703125
1 0.94921875 0.45546875 0.05 0.0546875
0 0.92421875 0.3359375 0.0671875 0.0796875
0 0.984375 0.3265625 0.03125 0.04375
1 0.77578125 0.24375 0.0421875 0.0875
1 0.728125 0.20546875 0.0703125 0.1234375
0 0.6671875 0.190625 0.0453125 0.0703125
1 0.5921875 0.19296875 0.0640625 0.078125
1 0.296875 0.0953125 0.0625 0.078125
1 0.38828125 0.10546875 0.053125 0.0734375
0 0.475 0.025 0.03125 0.05
1 0.27109375 0.8703125 0.15 0.2015625
0 0.9 0.42421875 0.04375 0.0546875