0 0.34921875 0.465625 0.1328125 0.1359375
1 0.021875 0.38515625 0.03515625 0.065625
1 0.06328125 0.3859375 0.04296875 0.0484375
0 0.10625 0.271875 0.05703125 0.071875
0 0.0453125 0.253125 0.03125 0.0390625
1 0.26796875 0.20390625 0.0296875 0.08359375
1 0.32109375 0.1734375 0.05234375 0.1171875
0 0.38359375 0.16796875 0.0359375 0.06484375
1 0.45703125 0.18203125 0.053125 0.0703125
1 0.7640625 0.13203125 0.0515625 0.07109375
1 0.671875 0.128125 0.04296875 0.0671875
0 0.5984375 0.0328125 0.0234375 0.05
1 0.66796875 0.9015625 0.12265625 0.184375
0 0.11640625 0.3625 0.0359375 0.05