0 0.3515625 0.4578125 0.1390625 0.1421875
1 0.02890625 0.36015625 0.0390625 0.0671875
1 0.06953125 0.36328125 0.0453125 0.05
0 0.11875 0.2515625 0.0609375 0.075
0 0.05859375 0.2296875 0.0328125 0.040625
1 0.28359375 0.1921875 0.034375 0.084375
1 0.33828125 0.16484375 0.0578125 0.1203125
0 0.40078125 0.1625 0.0390625 0.0671875
1 0.4734375 0.18046875 0.05625 0.0734375
1 0.7828125 0.14609375 0.0546875 0.0734375
1 0.69140625 0.1375 0.046875 0.06875
0 0.62265625 0.03828125 0.0265625 0.0515625
1 0.64609375 0.90703125 0.1328125 0.1859375
0 0.12421875 0.34296875 0.0390625 0.0515625