0 0.87890625 0.5234375 0.0625 0.1
0 0.55078125 0.19609375 0.040625 0.06875
0 0.60546875 0.1796875 0.040625 0.0515625
0 0.69140625 0.171875 0.025 0.0484375
0 0.653125 0.12421875 0.0234375 0.0375
0 0.715625 0.17421875 0.0296875 0.05
0 0.5328125 0.10390625 0.0265625 0.040625
0 0.40546875 0.121875 0.028125 0.040625
0 0.28203125 0.1828125 0.03125 0.046875
1 0.2578125 0.146875 0.025 0.05
1 0.1828125 0.16015625 0.034375 0.046875
1 0.1734375 0.1234375 0.034375 0.0484375
1 0.21015625 0.109375 0.0265625 0.0453125
1 0.35625 0.1 0.028125 0.04375
1 0.45 0.10546875 0.028125 0.0390625
0 0.503125 0.08671875 0.021875 0.046875
0 0.571875 0.1078125 0.03125 0.053125
0 0.61953125 0.12578125 0.0296875 0.0515625
1 0.2265625 0.15625 0.028125 0.05625