0 0.87890625 0.48359375 0.053125 0.0953125
0 0.51875 0.1921875 0.034375 0.06484375
0 0.57109375 0.1703125 0.03515625 0.0484375
0 0.65625 0.15390625 0.0203125 0.04609375
0 0.61328125 0.11015625 0.0203125 0.03515625
0 0.68046875 0.153125 0.025 0.04765625
0 0.49140625 0.10234375 0.02265625 0.03828125
0 0.36640625 0.13359375 0.02421875 0.0390625
0 0.25 0.20703125 0.02734375 0.04375
1 0.221875 0.17421875 0.0203125 0.04765625
1 0.14921875 0.1953125 0.03046875 0.04375
1 0.1359375 0.159375 0.0296875 0.0453125
1 0.17109375 0.14140625 0.021875 0.04296875
1 0.31484375 0.1171875 0.0234375 0.0421875
1 0.409375 0.1125 0.025 0.03671875
0 0.46015625 0.08828125 0.0171875 0.04609375
0 0.53046875 0.10234375 0.02578125 0.05
0 0.5796875 0.115625 0.02421875 0.05
1 0.1921875 0.18671875 0.021875 0.0546875