0 0.875 0.44375 0.0625 0.1
0 0.48671875 0.1921875 0.040625 0.06875
0 0.5359375 0.16484375 0.040625 0.0515625
0 0.61953125 0.13984375 0.025 0.0484375
0 0.571875 0.10078125 0.0234375 0.0375
0 0.64296875 0.1359375 0.0296875 0.05
0 0.45 0.10546875 0.0265625 0.040625
0 0.32890625 0.14921875 0.028125 0.040625
0 0.22109375 0.23515625 0.03125 0.046875
1 0.1890625 0.2046875 0.025 0.05
1 0.11953125 0.23359375 0.034375 0.046875
1 0.10234375 0.19921875 0.034375 0.0484375
1 0.13515625 0.178125 0.0265625 0.0453125
1 0.27578125 0.13828125 0.028125 0.04375
1 0.36953125 0.12421875 0.028125 0.0390625
0 0.4171875 0.09453125 0.021875 0.046875
0 0.4890625 0.1015625 0.03125 0.053125
0 0.5390625 0.109375 0.0296875 0.0515625
1 0.1609375 0.2203125 0.028125 0.05625