0 0.10859375 0.42734375 0.05546875 0.08828125
0 0.18359375 0.45703125 0.07734375 0.0859375
1 0.56484375 0.23671875 0.04453125 0.06640625
0 0.63203125 0.2359375 0.053125 0.06015625
0 0.7484375 0.31875 0.0453125 0.0765625
0 0.340625 0.18125 0.0359375 0.06015625
0 0.40390625 0.16796875 0.03515625 0.059375
1 0.50546875 0.13203125 0.03515625 0.04375
1 0.7171875 0.13203125 0.02578125 0.0609375
0 0.58359375 0.1046875 0.0296875 0.03671875
0 0.82109375 0.1453125 0.0296875 0.04453125
0 0.75859375 0.12109375 0.0234375 0.03984375
0 0.84765625 0.171875 0.0234375 0.0484375
1 0.8875 0.1921875 0.025 0.05234375
1 0.64140625 0.078125 0.02109375 0.0359375
1 0.603125 0.06484375 0.0171875 0.0328125
0 0.53203125 0.05859375 0.01875 0.03515625