0 0.89296875 0.434375 0.05625 0.0890625
0 0.8171875 0.4625 0.078125 0.0875
1 0.43984375 0.2359375 0.0453125 0.0671875
0 0.37265625 0.23359375 0.0546875 0.0609375
0 0.2546875 0.3140625 0.046875 0.0765625
0 0.66484375 0.184375 0.0375 0.0609375
0 0.6015625 0.16953125 0.0359375 0.059375
1 0.50078125 0.13203125 0.0359375 0.04375
1 0.2890625 0.128125 0.0265625 0.0609375
0 0.4234375 0.103125 0.0296875 0.0375
0 0.18515625 0.13984375 0.0296875 0.0453125
0 0.2484375 0.11640625 0.0234375 0.040625
0 0.1578125 0.165625 0.025 0.0484375
1 0.11796875 0.18515625 0.0265625 0.053125
1 0.365625 0.07578125 0.021875 0.0359375
1 0.4046875 0.06328125 0.0171875 0.0328125
0 0.47578125 0.0578125 0.01875 0.0359375