0 0.12265625 0.3734375 0.0671875 0.0953125
0 0.19296875 0.41328125 0.0890625 0.0953125
1 0.60078125 0.2484375 0.053125 0.071875
0 0.6671875 0.25703125 0.0609375 0.0671875
0 0.77109375 0.35546875 0.05625 0.0828125
0 0.38671875 0.1625 0.04375 0.0640625
0 0.45078125 0.1578125 0.04375 0.0640625
1 0.55625 0.13671875 0.040625 0.0484375
1 0.76640625 0.165625 0.034375 0.0640625
0 0.6375 0.1203125 0.034375 0.040625
0 0.8671875 0.19375 0.0359375 0.0484375
0 0.80859375 0.1609375 0.028125 0.0421875
0 0.88984375 0.2234375 0.0296875 0.0515625
1 0.9265625 0.24921875 0.0328125 0.0546875
1 0.6984375 0.1015625 0.0265625 0.0390625
1 0.6625 0.08359375 0.021875 0.034375
0 0.59296875 0.0671875 0.0234375 0.0375