0 0.75859375 0.365625 0.05625 0.0953125
0 0.67578125 0.3578125 0.04375 0.0734375
0 0.4921875 0.31015625 0.04375 0.0625
0 0.43828125 0.29921875 0.0375 0.0609375
0 0.36484375 0.33828125 0.05625 0.06875
0 0.32109375 0.29375 0.05 0.06875
0 0.0875 0.28828125 0.0484375 0.071875
0 0.8328125 0.34375 0.0484375 0.05625
1 0.22734375 0.303125 0.04375 0.053125
1 0.1734375 0.2984375 0.0390625 0.0578125
1 0.03203125 0.284375 0.0484375 0.0859375
0 0.36796875 0.275 0.034375 0.046875
0 0.40078125 0.2859375 0.028125 0.04375
1 0.26640625 0.28515625 0.028125 0.0453125
0 0.57109375 0.31953125 0.040625 0.059375
0 0.53203125 0.290625 0.028125 0.0515625
1 0.6421875 0.30703125 0.034375 0.059375
0 0.7234375 0.33671875 0.0375 0.065625