0 0.75390625 0.35703125 0.053125 0.09296875
0 0.67109375 0.3515625 0.04140625 0.07265625
0 0.4859375 0.31015625 0.04140625 0.0609375
0 0.43125 0.3015625 0.03515625 0.059375
0 0.359375 0.34296875 0.05390625 0.06640625
0 0.3140625 0.3 0.04765625 0.06640625
0 0.08046875 0.303125 0.04609375 0.0703125
0 0.82734375 0.33203125 0.04609375 0.05390625
1 0.2203125 0.3125 0.0421875 0.05234375
1 0.16640625 0.31015625 0.0375 0.05625
1 0.025 0.30078125 0.0453125 0.084375
0 0.36015625 0.2796875 0.0328125 0.0453125
0 0.39375 0.28984375 0.0265625 0.04296875
1 0.259375 0.29375 0.02734375 0.04453125
0 0.56484375 0.3171875 0.0390625 0.0578125
0 0.525 0.28984375 0.0265625 0.05
1 0.63515625 0.30234375 0.0328125 0.0578125
0 0.71796875 0.32890625 0.03515625 0.0640625