0 0.259375 0.33515625 0.0609375 0.096875
0 0.3421875 0.3375 0.046875 0.0765625
0 0.53046875 0.31171875 0.046875 0.0640625
0 0.5859375 0.30859375 0.040625 0.0625
0 0.65390625 0.35546875 0.059375 0.0703125
0 0.70234375 0.3171875 0.053125 0.0703125
0 0.93515625 0.340625 0.0515625 0.0734375
0 0.18828125 0.30390625 0.05 0.0578125
1 0.7953125 0.3375 0.046875 0.05625
1 0.84921875 0.33984375 0.0421875 0.059375
1 0.98203125 0.3421875 0.0359375 0.0875
0 0.65859375 0.29296875 0.0359375 0.0484375
0 0.62421875 0.3 0.0296875 0.0453125
1 0.7578125 0.315625 0.03125 0.046875
0 0.4515625 0.3125 0.04375 0.0609375
0 0.49375 0.28828125 0.03125 0.0515625
1 0.3828125 0.29140625 0.0375 0.0609375
0 0.29765625 0.3109375 0.040625 0.0671875