1 0.6765625 0.428125 0.10234375 0.196875
0 0.78515625 0.36953125 0.07421875 0.0875
0 0.809375 0.3265625 0.11328125 0.09375
0 0.7296875 0.32890625 0.04765625 0.0984375
1 0.0671875 0.31796875 0.134375 0.1109375
1 0.20703125 0.33046875 0.1109375 0.09296875
1 0.3375 0.34765625 0.10546875 0.13125
0 0.471875 0.32734375 0.096875 0.125
1 0.3703125 0.290625 0.04375 0.0515625
1 0.55078125 0.309375 0.05390625 0.08828125
1 0.59609375 0.3015625 0.0359375 0.06015625
0 0.40234375 0.29921875 0.0296875 0.0609375