0 0.2046875 0.55390625 0.06484375 0.090625
0 0.58359375 0.54140625 0.0296875 0.046875
0 0.6359375 0.53359375 0.03125 0.0609375
0 0.70703125 0.58046875 0.03828125 0.07109375
0 0.81953125 0.553125 0.03125 0.05859375
1 0.93125 0.5796875 0.0375 0.05546875
1 0.76875 0.5796875 0.040625 0.05625
1 0.4015625 0.54453125 0.040625 0.0625
1 0.10859375 0.5265625 0.053125 0.0625
1 0.4734375 0.5140625 0.02421875 0.034375
1 0.55859375 0.52421875 0.02265625 0.0484375
1 0.51015625 0.51640625 0.03125 0.05234375
1 0.6984375 0.5359375 0.03671875 0.0421875