0 0.78984375 0.5796875 0.071875 0.0953125
0 0.41328125 0.53359375 0.034375 0.05
0 0.36171875 0.521875 0.0359375 0.0640625
0 0.28671875 0.5625 0.04375 0.0734375
0 0.17734375 0.525 0.0359375 0.0609375
1 0.06328125 0.5421875 0.0421875 0.0578125
1 0.225 0.55625 0.0453125 0.059375
1 0.59453125 0.553125 0.0453125 0.065625
1 0.8875 0.5609375 0.0578125 0.0671875
1 0.525 0.51640625 0.0265625 0.0359375
1 0.43984375 0.51875 0.0265625 0.05
1 0.48828125 0.515625 0.0359375 0.0546875
1 0.29921875 0.51875 0.040625 0.0453125