0 0.09609375 0.68046875 0.1921875 0.2734375
0 0.16875 0.50859375 0.1140625 0.1078125
0 0.8359375 0.62890625 0.1171875 0.1328125
1 0.91484375 0.61875 0.0703125 0.0859375
0 0.4234375 0.559375 0.0609375 0.065625
0 0.403125 0.54453125 0.1515625 0.0921875
0 0.50703125 0.4859375 0.05625 0.0578125
1 0.6625 0.57734375 0.0515625 0.0578125
1 0.559375 0.53984375 0.053125 0.0609375
1 0.6125 0.5421875 0.046875 0.0453125
0 0.56796875 0.5234375 0.0640625 0.053125
0 0.71875 0.56953125 0.046875 0.0671875
1 0.72421875 0.565625 0.0578125 0.075