0 0.12890625 0.7640625 0.228125 0.2796875
0 0.178125 0.57734375 0.1171875 0.1109375
0 0.85546875 0.55625 0.121875 0.1359375
1 0.93046875 0.5296875 0.0734375 0.0890625
0 0.4375 0.5734375 0.0640625 0.06875
0 0.4140625 0.5640625 0.1546875 0.096875
0 0.50390625 0.484375 0.0578125 0.059375
1 0.675 0.54140625 0.053125 0.0578125
1 0.56640625 0.5265625 0.0546875 0.0625
1 0.61875 0.51796875 0.0484375 0.046875
0 0.57109375 0.50859375 0.0640625 0.0546875
0 0.72890625 0.52265625 0.0484375 0.06875
1 0.7328125 0.51796875 0.059375 0.0765625