0 0.09921875 0.7171875 0.1984375 0.25703125
0 0.17109375 0.5375 0.10625 0.0984375
0 0.84609375 0.59921875 0.10703125 0.1234375
1 0.9234375 0.58203125 0.06328125 0.08125
0 0.42890625 0.565625 0.05625 0.06171875
0 0.40703125 0.553125 0.1453125 0.08046875
0 0.50546875 0.48515625 0.0515625 0.053125
1 0.66875 0.5625 0.04765625 0.053125
1 0.5625 0.534375 0.04765625 0.05703125
1 0.615625 0.53203125 0.04296875 0.04140625
0 0.56953125 0.5171875 0.059375 0.0484375
0 0.72421875 0.55 0.04140625 0.0640625
1 0.72890625 0.54609375 0.0515625 0.0703125