0 0.24140625 0.5265625 0.03671875 0.0515625
0 0.71953125 0.55390625 0.03046875 0.04609375
1 0.878125 0.5859375 0.03515625 0.0640625
1 0.340625 0.571875 0.0359375 0.06953125
1 0.425 0.57578125 0.059375 0.08671875
0 0.53359375 0.57265625 0.04921875 0.06171875
1 0.19609375 0.52890625 0.03671875 0.05234375
1 0.6484375 0.56796875 0.046875 0.0515625
1 0.59296875 0.5921875 0.03671875 0.05078125
1 0.9203125 0.6265625 0.05703125 0.06015625
1 0.846875 0.55859375 0.034375 0.05
1 0.928125 0.5640625 0.04140625 0.05390625
1 0.07265625 0.53046875 0.040625 0.065625
1 0.11640625 0.5265625 0.0296875 0.05859375
1 0.3375 0.46875 0.03046875 0.04765625