0 0.7546875 0.553125 0.0421875 0.0546875
0 0.27578125 0.53046875 0.034375 0.0484375
1 0.11484375 0.54609375 0.0421875 0.0671875
1 0.65078125 0.58828125 0.04375 0.0734375
1 0.56640625 0.58359375 0.06875 0.0921875
0 0.459375 0.56875 0.0546875 0.0671875
1 0.79921875 0.56015625 0.0421875 0.05625
1 0.3453125 0.55234375 0.0515625 0.05625
1 0.39765625 0.58203125 0.0421875 0.0546875
1 0.06875 0.58203125 0.0625 0.065625
1 0.14921875 0.521875 0.0390625 0.053125
1 0.0671875 0.51875 0.046875 0.0578125
1 0.921875 0.575 0.046875 0.06875
1 0.87890625 0.56640625 0.0359375 0.0609375
1 0.66484375 0.4859375 0.0359375 0.05