0 0.7578125 0.53125 0.0375 0.0515625
0 0.2796875 0.55 0.03125 0.046875
1 0.1203125 0.5796875 0.0359375 0.0640625
1 0.6578125 0.575 0.0375 0.0703125
1 0.5734375 0.57734375 0.0609375 0.0875
0 0.46484375 0.571875 0.05 0.0625
1 0.803125 0.534375 0.0375 0.053125
1 0.35078125 0.565625 0.0484375 0.053125
1 0.40546875 0.590625 0.0375 0.0515625
1 0.07734375 0.61953125 0.0578125 0.0609375
1 0.15234375 0.55234375 0.0359375 0.05
1 0.07109375 0.55625 0.0421875 0.0546875
1 0.9265625 0.53828125 0.0421875 0.065625
1 0.8828125 0.53359375 0.03125 0.059375
1 0.66328125 0.471875 0.03125 0.0484375