1 0.79453125 0.6109375 0.05390625 0.06796875
0 0.51171875 0.68828125 0.12734375 0.1390625
1 0.20625 0.7 0.08984375 0.1328125
1 0.18671875 0.6234375 0.07265625 0.078125
1 0.35 0.61484375 0.07734375 0.0875
0 0.2265625 0.6 0.05859375 0.071875
0 0.153125 0.58125 0.05078125 0.034375
0 0.6734375 0.60234375 0.0453125 0.059375
1 0.59375 0.59296875 0.02421875 0.05390625
1 0.56875 0.5984375 0.03359375 0.05546875
0 0.52890625 0.54296875 0.034375 0.06953125
0 0.34609375 0.55 0.11015625 0.04140625
1 0.7390625 0.59296875 0.03515625 0.04375
1 0.4796875 0.55078125 0.01875 0.0328125