1 0.809375 0.5578125 0.065625 0.0765625
0 0.54453125 0.68359375 0.15 0.159375
1 0.2453125 0.74765625 0.1109375 0.146875
1 0.21328125 0.67578125 0.084375 0.0890625
1 0.371875 0.6390625 0.090625 0.1
0 0.2484375 0.64609375 0.0703125 0.08125
0 0.17265625 0.640625 0.05625 0.0421875
0 0.68828125 0.5703125 0.0546875 0.065625
1 0.60859375 0.575 0.0328125 0.0578125
1 0.58515625 0.58515625 0.0421875 0.0609375
0 0.5359375 0.5375 0.0453125 0.075
0 0.35703125 0.57578125 0.115625 0.059375
1 0.7515625 0.55 0.0421875 0.0484375
1 0.4890625 0.55390625 0.0234375 0.0359375