1 0.8046875 0.5796875 0.0609375 0.0734375
0 0.53125 0.6859375 0.140625 0.1515625
1 0.22890625 0.7296875 0.103125 0.1421875
1 0.2015625 0.65546875 0.0796875 0.0859375
1 0.3625 0.6296875 0.0859375 0.0953125
0 0.23828125 0.628125 0.065625 0.078125
0 0.16328125 0.6171875 0.0546875 0.0390625
0 0.6828125 0.58359375 0.0515625 0.0640625
1 0.603125 0.5828125 0.0296875 0.05625
1 0.57890625 0.590625 0.0390625 0.059375
0 0.53359375 0.53984375 0.0421875 0.0734375
0 0.35234375 0.565625 0.1140625 0.053125
1 0.74765625 0.5671875 0.0390625 0.046875
1 0.48515625 0.55234375 0.021875 0.034375