0 0.5234375 0.58515625 0.078125 0.10625
0 0.64609375 0.55859375 0.065625 0.0875
1 0.159375 0.5921875 0.0484375 0.059375
1 0.203125 0.5875 0.0453125 0.0625
0 0.4484375 0.60546875 0.0625 0.0828125
0 0.28828125 0.56953125 0.034375 0.0515625
1 0.32265625 0.56484375 0.040625 0.0609375
0 0.87265625 0.50390625 0.0390625 0.0484375
1 0.7796875 0.540625 0.059375 0.0671875
0 0.71875 0.5671875 0.053125 0.0671875
1 0.57734375 0.54453125 0.053125 0.0890625
0 0.721875 0.50859375 0.0375 0.0546875
1 0.68125 0.51875 0.03125 0.04375
1 0.39140625 0.48984375 0.0484375 0.0453125
0 0.490625 0.52890625 0.034375 0.040625