0 0.51015625 0.5875 0.06328125 0.096875
0 0.63515625 0.58046875 0.05390625 0.0796875
1 0.14921875 0.5375 0.03984375 0.053125
1 0.19296875 0.53984375 0.03671875 0.0578125
0 0.4328125 0.59609375 0.0515625 0.075
0 0.2796875 0.53515625 0.0265625 0.0484375
1 0.31484375 0.5359375 0.03203125 0.05625
0 0.8671875 0.56171875 0.0328125 0.04453125
1 0.7703125 0.58359375 0.05 0.059375
0 0.70546875 0.60078125 0.04453125 0.0609375
1 0.56953125 0.55625 0.040625 0.08359375
0 0.71796875 0.54296875 0.03046875 0.05078125
1 0.67578125 0.546875 0.025 0.03984375
1 0.39453125 0.47265625 0.04296875 0.03984375
0 0.4859375 0.52734375 0.0296875 0.0359375