0 0.52109375 0.5859375 0.075 0.103125
0 0.64375 0.56328125 0.0625 0.0859375
1 0.15625 0.5796875 0.0453125 0.0578125
1 0.2 0.57734375 0.04375 0.0625
0 0.4453125 0.60390625 0.0609375 0.08125
0 0.2859375 0.56171875 0.0328125 0.0515625
1 0.3203125 0.55859375 0.0390625 0.059375
0 0.871875 0.51640625 0.0375 0.0484375
1 0.778125 0.55 0.05625 0.065625
0 0.71640625 0.575 0.0515625 0.065625
1 0.57578125 0.54765625 0.05 0.0875
0 0.721875 0.51640625 0.0359375 0.0546875
1 0.68046875 0.525 0.0296875 0.0421875
1 0.3921875 0.4859375 0.046875 0.0453125
0 0.4890625 0.52890625 0.034375 0.0390625