0 0.49140625 0.41875 0.1125 0.1828125
0 0.21640625 0.4515625 0.1515625 0.2546875
0 0.9109375 0.36484375 0.1625 0.209375
0 0.790625 0.4421875 0.140625 0.1296875
1 0.38671875 0.2953125 0.0671875 0.1171875
0 0.29921875 0.31484375 0.071875 0.13125
0 0.54609375 0.3171875 0.09375 0.171875
0 0.65 0.21875 0.065625 0.1
1 0.7328125 0.19765625 0.0453125 0.06875
1 0.909375 0.21484375 0.0625 0.0953125
0 0.88984375 0.22734375 0.08125 0.1359375
0 0.49609375 0.22109375 0.0828125 0.1234375
0 0.33359375 0.221875 0.0828125 0.1125
0 0.2265625 0.2640625 0.065625 0.10625