0 0.503125 0.41796875 0.10078125 0.1765625
0 0.7796875 0.43203125 0.13515625 0.24609375
0 0.08046875 0.39375 0.1484375 0.19921875
0 0.20625 0.4625 0.13203125 0.1203125
1 0.5984375 0.28828125 0.06015625 0.11328125
0 0.6875 0.3015625 0.0625 0.1265625
0 0.44140625 0.32109375 0.0828125 0.1671875
0 0.33046875 0.2296875 0.05859375 0.09609375
1 0.246875 0.21484375 0.040625 0.06640625
1 0.071875 0.24375 0.05625 0.09140625
0 0.0921875 0.25546875 0.07265625 0.13125
0 0.484375 0.221875 0.07421875 0.11875
0 0.646875 0.2109375 0.07578125 0.1078125
0 0.75625 0.2453125 0.059375 0.10234375