0 0.50390625 0.41796875 0.115625 0.184375
0 0.22734375 0.4078125 0.15625 0.25625
0 0.921875 0.43046875 0.15625 0.2109375
0 0.79609375 0.48828125 0.1421875 0.13125
1 0.4203125 0.28046875 0.0703125 0.11875
0 0.33046875 0.2859375 0.0734375 0.13125
0 0.57421875 0.3265625 0.096875 0.1734375
0 0.6921875 0.2453125 0.0671875 0.1015625
1 0.77734375 0.23828125 0.046875 0.0703125
1 0.94921875 0.28203125 0.0640625 0.0953125
0 0.92734375 0.2921875 0.084375 0.1375
0 0.53984375 0.22421875 0.084375 0.125
0 0.37890625 0.19921875 0.084375 0.1140625
0 0.2671875 0.22421875 0.06875 0.1078125