0 0.27578125 0.6203125 0.2078125 0.2296875
0 0.52421875 0.62734375 0.1859375 0.2640625
0 0.7171875 0.5984375 0.16875 0.190625
0 0.7203125 0.490625 0.3140625 0.203125
0 0.49609375 0.43515625 0.1046875 0.146875
1 0.240625 0.36171875 0.1203125 0.121875
1 0.34296875 0.38828125 0.1125 0.1109375
0 0.47734375 0.28515625 0.2125 0.1890625
0 0.3078125 0.259375 0.221875 0.1671875
0 0.2328125 0.25859375 0.296875 0.1609375
0 0.94296875 0.4890625 0.1140625 0.209375
1 0.734375 0.29765625 0.10625 0.09375
0 0.6015625 0.3140625 0.1828125 0.175