0 0.3 0.6578125 0.19375 0.21875
0 0.54609375 0.62109375 0.1703125 0.2546875
0 0.73046875 0.559375 0.1578125 0.18125
0 0.71484375 0.453125 0.3046875 0.184375
0 0.48515625 0.43671875 0.096875 0.1421875
1 0.2203125 0.409375 0.1140625 0.115625
1 0.32578125 0.41796875 0.10625 0.1046875
0 0.440625 0.29296875 0.2015625 0.1765625
0 0.26875 0.29609375 0.2140625 0.1546875
0 0.1953125 0.30859375 0.2890625 0.140625
0 0.93828125 0.41171875 0.10625 0.2046875
1 0.6953125 0.259375 0.1015625 0.0875
0 0.56796875 0.29921875 0.1734375 0.1640625