0 0.2921875 0.646875 0.18359375 0.209375
0 0.53984375 0.6234375 0.1578125 0.24609375
0 0.72734375 0.57109375 0.1484375 0.17421875
0 0.7171875 0.4640625 0.29609375 0.16875
0 0.48828125 0.4359375 0.0890625 0.1375
1 0.22578125 0.39453125 0.1078125 0.11015625
1 0.33046875 0.40859375 0.1015625 0.09921875
0 0.4515625 0.28984375 0.19375 0.16640625
0 0.2796875 0.284375 0.20625 0.14375
0 0.20546875 0.29296875 0.28359375 0.1265625
0 0.9421875 0.43515625 0.09609375 0.19921875
1 0.7078125 0.2703125 0.096875 0.08203125
0 0.578125 0.303125 0.165625 0.15625