0 0.71640625 0.46171875 0.09375 0.1234375
0 0.615625 0.3984375 0.0484375 0.0640625
0 0.728125 0.39375 0.06875 0.090625
0 0.5375 0.39609375 0.034375 0.0453125
1 0.39609375 0.6546875 0.1796875 0.25625
1 0.09921875 0.48828125 0.053125 0.065625
1 0.0328125 0.54921875 0.065625 0.1078125
1 0.0546875 0.49140625 0.0375 0.059375
1 0.4453125 0.48828125 0.05625 0.090625
1 0.403125 0.48671875 0.0453125 0.0703125
1 0.29609375 0.45625 0.0421875 0.053125
1 0.3578125 0.43828125 0.0390625 0.0484375
1 0.26640625 0.44296875 0.034375 0.0421875
1 0.6796875 0.3765625 0.040625 0.0546875
1 0.56796875 0.3796875 0.028125 0.040625
1 0.44453125 0.40234375 0.0359375 0.0453125
1 0.37265625 0.4109375 0.0296875 0.040625
1 0.59296875 0.38515625 0.01875 0.0328125