0 0.71953125 0.48828125 0.08125 0.115625
0 0.6265625 0.41328125 0.0421875 0.059375
0 0.73984375 0.421875 0.059375 0.0859375
0 0.55 0.4015625 0.0296875 0.0421875
1 0.378125 0.64140625 0.1515625 0.2421875
1 0.10390625 0.43984375 0.0453125 0.0609375
1 0.02890625 0.49140625 0.0578125 0.1015625
1 0.059375 0.4375 0.03125 0.05625
1 0.446875 0.48125 0.046875 0.0859375
1 0.40546875 0.475 0.0375 0.065625
1 0.303125 0.43203125 0.0359375 0.0484375
1 0.36640625 0.421875 0.0328125 0.0453125
1 0.275 0.41484375 0.0296875 0.0390625
1 0.69375 0.39921875 0.034375 0.0515625
1 0.58203125 0.3890625 0.0234375 0.0375
1 0.45625 0.39609375 0.03125 0.0421875
1 0.384375 0.39609375 0.025 0.0390625
1 0.60625 0.396875 0.015625 0.03125