0 0.71953125 0.49609375 0.07734375 0.11328125
0 0.6296875 0.41796875 0.03984375 0.05859375
0 0.7421875 0.43046875 0.05625 0.08359375
0 0.553125 0.403125 0.028125 0.04140625
1 0.3734375 0.63671875 0.14375 0.23671875
1 0.10625 0.42578125 0.04375 0.06015625
1 0.02890625 0.475 0.0578125 0.09921875
1 0.06171875 0.421875 0.0296875 0.0546875
1 0.44765625 0.4796875 0.04375 0.084375
1 0.40625 0.471875 0.03515625 0.06484375
1 0.30546875 0.425 0.034375 0.04765625
1 0.36953125 0.4171875 0.03203125 0.04375
1 0.278125 0.40703125 0.02890625 0.0375
1 0.696875 0.40625 0.0328125 0.05
1 0.5859375 0.3921875 0.02265625 0.0375
1 0.46015625 0.39453125 0.03046875 0.040625
1 0.38828125 0.3921875 0.02421875 0.0375
1 0.61015625 0.40078125 0.01484375 0.03046875