0 0.61796875 0.33125 0.109375 0.1328125
0 0.9375 0.3296875 0.084375 0.090625
0 0.80078125 0.309375 0.0484375 0.0828125
0 0.6890625 0.29453125 0.0375 0.0734375
0 0.353125 0.3296875 0.0484375 0.1015625
0 0.29296875 0.340625 0.0609375 0.10625
1 0.465625 0.4078125 0.0875 0.09375
1 0.73984375 0.30234375 0.05 0.078125
1 0.4828125 0.31328125 0.040625 0.0671875
1 0.075 0.215625 0.0734375 0.0921875
1 0.17265625 0.31171875 0.053125 0.0671875
0 0.3921875 0.31171875 0.0359375 0.0640625
1 0.434375 0.3078125 0.034375 0.0546875