0 0.3765625 0.33515625 0.10546875 0.1296875
0 0.05703125 0.3453125 0.08203125 0.08828125
0 0.19296875 0.3203125 0.0453125 0.08125
0 0.30390625 0.3015625 0.03515625 0.07265625
0 0.640625 0.325 0.0453125 0.1
0 0.7015625 0.33359375 0.0578125 0.1046875
1 0.53125 0.40703125 0.084375 0.09140625
1 0.253125 0.3109375 0.046875 0.0765625
1 0.5109375 0.3125 0.0390625 0.065625
1 0.91484375 0.20078125 0.07109375 0.0890625
1 0.8203125 0.30078125 0.05078125 0.065625
0 0.60078125 0.3078125 0.03359375 0.0625
1 0.55859375 0.30546875 0.0328125 0.05390625