0 0.63203125 0.3421875 0.1125 0.134375
0 0.95078125 0.36875 0.0859375 0.0921875
0 0.815625 0.33671875 0.05 0.0828125
0 0.70625 0.31171875 0.0390625 0.075
0 0.36875 0.31796875 0.05 0.1015625
0 0.3078125 0.3234375 0.0625 0.1078125
1 0.4734375 0.40546875 0.0890625 0.0953125
1 0.75625 0.32421875 0.0515625 0.0796875
1 0.49921875 0.3125 0.0421875 0.0671875
1 0.1015625 0.1796875 0.075 0.0921875
1 0.190625 0.284375 0.0546875 0.06875
0 0.409375 0.303125 0.0375 0.0640625
1 0.4515625 0.30234375 0.0359375 0.05625