1 0.45703125 0.834375 0.24765625 0.27109375
1 0.14765625 0.4375 0.09296875 0.0921875
1 0.571875 0.50625 0.09921875 0.14453125
1 0.96875 0.5734375 0.0625 0.1546875
0 0.8140625 0.27578125 0.08046875 0.13125
0 0.475 0.37734375 0.08046875 0.090625
0 0.053125 0.41796875 0.0484375 0.08671875
0 0.34921875 0.38046875 0.16171875 0.08203125
0 0.5765625 0.38828125 0.04453125 0.05703125
1 0.65703125 0.38828125 0.0796875 0.08046875
0 0.3625 0.5140625 0.1328125 0.17265625
1 0.7734375 0.55078125 0.08828125 0.159375